2
4623977167216
6
2
26648615976745142514475262709821944410726853404852055516805512522764123504378935590665381251002653828169975577336358669628284219583385274362757995393079330684084185066103965281622679247037105300049470435038324502795381392375952688923643986422637079607256977955118720062248054054762350542689470644310948576028440591337617261297336566918204493925399506058061683476029734236914277878924036035832470023134193577474429724999643688230272303424696445146938958271487267088645100754500572232364010748580702768979867159326561620081523924837746925341310647358372148787869211900515784319379885770228436648804966817983284585484987540996779080557623531427897754740522822372175193221072882875278843247839288132252436135162481799607155134806796313774789330488480588438049321973636929214132839000786480584895289053640825234043618123141919156910671933957866515876850008582420943935748055701320528965687796220502097629413586079838634084839064192684786845099847148187595177494
39972923965117713771712894064732916616090280107278083275208268784146185256568403385998071876503980742254963366004538004442426329375077911544136993089618996026126277599155947922434018870555657950074205652557486754193072088563929033385465979633955619410885466932678080093372081082143525814034205966466422864042660887006425891946004850377306740888099259087092525214044601355371416818386054053748705034701290366211644587499465532345408455137044667720408437407230900632967651131750858348546016122871054153469800738989842430122285887256620388011965971037558223181803817850773676479069828655342654973207450226974926878227481311495168620836435297141846632110784233558262789831609324312918264871758932198378654202743722699410732702210194470662183995732720882657073982960455393821199258501179720877342933580461237851065427184712878735366007900936799773815275012873631415903622083551980793448531694330753146444120379119757951127258596289027180267649770722281392766241
53297231953490285028950525419643888821453706809704111033611025045528247008757871181330762502005307656339951154672717339256568439166770548725515990786158661368168370132207930563245358494074210600098940870076649005590762784751905377847287972845274159214513955910237440124496108109524701085378941288621897152056881182675234522594673133836408987850799012116123366952059468473828555757848072071664940046268387154948859449999287376460544606849392890293877916542974534177290201509001144464728021497161405537959734318653123240163047849675493850682621294716744297575738423801031568638759771540456873297609933635966569170969975081993558161115247062855795509481045644744350386442145765750557686495678576264504872270324963599214310269613592627549578660976961176876098643947273858428265678001572961169790578107281650468087236246283838313821343867915733031753700017164841887871496111402641057931375592441004195258827172159677268169678128385369573690199694296375190354988
66621539941862856286188156774554861026817133512130138792013781306910308760947338976663453127506634570424938943340896674070710548958463185906894988482698326710210462665259913204056698117592763250123676087595811256988453480939881722309109966056592699018142444887796800155620135136905876356723676610777371440071101478344043153243341417295511234813498765145154208690074335592285694697310090089581175057835483943686074312499109220575680758561741112867347395678718167721612751886251430580910026871451756922449667898316404050203809812094367313353276618395930371969673029751289460798449714425571091622012417044958211463712468852491947701394058828569744386851307055930437983052682207188197108119598220330631090337906204499017887837016990784436973326221201471095123304934092323035332097501966201462238222634102063085109045307854797892276679834894666289692125021456052359839370139253301322414219490551255244073533965199596585212097660481711967112749617870468987943735
66621539941862856286188156774554861026817133512130138792013781306910308760947338976663453127506634570424938943340896674070710548958463185906894988482698326710210462665259913204056698117592763250123676087595811256988453480939881722309109966056592699018142444887796800155620135136905876356723676610777371440071101478344043153243341417295511234813498765145154208690074335592285694697310090089581175057835483943686074312499109220575680758561741112867347395678718167721612751886251430580910026871451756922449667898316404050203809812094367313353276618395930371969673029751289460798449714425571091622012417044958211463712468852491947701394058828569744386851307055930437983052682207188197108119598220330631090337906204499017887837016990784436973326221201471095123304934092323035332097501966201462238222634102063085109045307854797892276679834894666289692125021456052359839370139253301322414219490551255244073533965199596585212097660481711967112749617870468987943737
53297231953490285028950525419643888821453706809704111033611025045528247008757871181330762502005307656339951154672717339256568439166770548725515990786158661368168370132207930563245358494074210600098940870076649005590762784751905377847287972845274159214513955910237440124496108109524701085378941288621897152056881182675234522594673133836408987850799012116123366952059468473828555757848072071664940046268387154948859449999287376460544606849392890293877916542974534177290201509001144464728021497161405537959734318653123240163047849675493850682621294716744297575738423801031568638759771540456873297609933635966569170969975081993558161115247062855795509481045644744350386442145765750557686495678576264504872270324963599214310269613592627549578660976961176876098643947273858428265678001572961169790578107281650468087236246283838313821343867915733031753700017164841887871496111402641057931375592441004195258827172159677268169678128385369573690199694296375190354990
66621539941862856286188156774554861026817133512130138792013781306910308760947338976663453127506634570424938943340896674070710548958463185906894988482698326710210462665259913204056698117592763250123676087595811256988453480939881722309109966056592699018142444887796800155620135136905876356723676610777371440071101478344043153243341417295511234813498765145154208690074335592285694697310090089581175057835483943686074312499109220575680758561741112867347395678718167721612751886251430580910026871451756922449667898316404050203809812094367313353276618395930371969673029751289460798449714425571091622012417044958211463712468852491947701394058828569744386851307055930437983052682207188197108119598220330631090337906204499017887837016990784436973326221201471095123304934092323035332097501966201462238222634102063085109045307854797892276679834894666289692125021456052359839370139253301322414219490551255244073533965199596585212097660481711967112749617870468987943737
79945847930235427543425788129465833232180560214556166550416537568292370513136806771996143753007961484509926732009076008884852658750155823088273986179237992052252555198311895844868037741111315900148411305114973508386144177127858066770931959267911238821770933865356160186744162164287051628068411932932845728085321774012851783892009700754613481776198518174185050428089202710742833636772108107497410069402580732423289174998931064690816910274089335440816874814461801265935302263501716697092032245742108306939601477979684860244571774513240776023931942075116446363607635701547352958139657310685309946414900453949853756454962622990337241672870594283693264221568467116525579663218648625836529743517864396757308405487445398821465404420388941324367991465441765314147965920910787642398517002359441754685867160922475702130854369425757470732015801873599547630550025747262831807244167103961586897063388661506292888240758239515902254517192578054360535299541444562785532484
26648615976745142514475262709821944410726853404852055516805512522764123504378935590665381251002653828169975577336358669628284219583385274362757995393079330684084185066103965281622679247037105300049470435038324502795381392375952688923643986422637079607256977955118720062248054054762350542689470644310948576028440591337617261297336566918204493925399506058061683476029734236914277878924036035832470023134193577474429724999643688230272303424696445146938958271487267088645100754500572232364010748580702768979867159326561620081523924837746925341310647358372148787869211900515784319379885770228436648804966817983284585484987540996779080557623531427897754740522822372175193221072882875278843247839288132252436135162481799607155134806796313774789330488480588438049321973636929214132839000786480584895289053640825234043618123141919156910671933957866515876850008582420943935748055701320528965687796220502097629413586079838634084839064192684786845099847148187595177494
106594463906980570057901050839287777642907413619408222067222050091056494017515742362661525004010615312679902309345434678513136878333541097451031981572317322736336740264415861126490716988148421200197881740153298011181525569503810755694575945690548318429027911820474880248992216219049402170757882577243794304113762365350469045189346267672817975701598024232246733904118936947657111515696144143329880092536774309897718899998574752921089213698785780587755833085949068354580403018002288929456042994322811075919468637306246480326095699350987701365242589433488595151476847602063137277519543080913746595219867271933138341939950163987116322230494125711591018962091289488700772884291531501115372991357152529009744540649927198428620539227185255099157321953922353752197287894547716856531356003145922339581156214563300936174472492567676627642687735831466063507400034329683775742992222805282115862751184882008390517654344319354536339356256770739147380399388592750380709978
